1111111111111111111111111111
22222222222222222222222222222222222222
333333333333333333333333333333333333333333333333333333333333333333
44444444444
55555555555555555555555555555555555555
888888888888888888888888888888888888888888888
999999999999999999999999999999999999999999999999999999999999999
66666666666666666666666666666666666666666666666
777777777777777777777777777777777777777777777777777777777777777
1919191919199191919191919199119199191911991919191919919191919199119919199
99999999999999999999999999999999999999999999999999999999999999999
1010100101010100101010100101011010011010101010101011010101001010
13131313131313131313131331313131313113131313131313131313131313131313131313